 3.46236596e+01 7.80246928e+01
 3.02867108e+01 4.38949975e+01
 3.58474088e+01 7.29021980e+01
 6.01825994e+01 8.63085521e+01
 7.90327361e+01 7.53443764e+01
 4.50832775e+01 5.63163718e+01
 6.11066645e+01 9.65114259e+01
 7.50247456e+01 4.65540135e+01
 7.60987867e+01 8.74205697e+01
 8.44328200e+01 4.35333933e+01
 9.58615551e+01 3.82252781e+01
 7.50136584e+01 3.06032632e+01
 8.23070534e+01 7.64819633e+01
 6.93645888e+01 9.77186920e+01
 3.95383391e+01 7.60368109e+01
 5.39710521e+01 8.92073501e+01
 6.90701441e+01 5.27404697e+01
 6.79468555e+01 4.66785741e+01
 7.06615096e+01 9.29271379e+01
 7.69787837e+01 4.75759636e+01
 6.73720275e+01 4.28384383e+01
 8.96767758e+01 6.57993659e+01
 5.05347883e+01 4.88558115e+01
 3.42120610e+01 4.42095286e+01
 7.79240915e+01 6.89723600e+01
 6.22710137e+01 6.99544580e+01
 8.01901808e+01 4.48216289e+01
 9.31143888e+01 3.88006703e+01
 6.18302060e+01 5.02561079e+01
 3.87858038e+01 6.49956810e+01
 6.13792894e+01 7.28078873e+01
 8.54045194e+01 5.70519840e+01
 5.21079797e+01 6.31276238e+01
 5.20454048e+01 6.94328601e+01
 4.02368937e+01 7.11677480e+01
 5.46351056e+01 5.22138859e+01
 3.39155001e+01 9.88694357e+01
 6.41769889e+01 8.09080606e+01
 7.47892530e+01 4.15734152e+01
 3.41836400e+01 7.52377203e+01
 8.39023937e+01 5.63080462e+01
 5.15477203e+01 4.68562903e+01
 9.44433678e+01 6.55689216e+01
 8.23687538e+01 4.06182552e+01
 5.10477518e+01 4.58227015e+01
 6.22226758e+01 5.20609919e+01
 7.71930349e+01 7.04582000e+01
 9.77715993e+01 8.67278223e+01
 6.20730638e+01 9.67688241e+01
 9.15649745e+01 8.86962925e+01
 7.99448179e+01 7.41631194e+01
 9.92725269e+01 6.09990310e+01
 9.05467141e+01 4.33906018e+01
 3.45245139e+01 6.03963425e+01
 5.02864961e+01 4.98045388e+01
 4.95866772e+01 5.98089510e+01
 9.76456340e+01 6.88615727e+01
 3.25772002e+01 9.55985476e+01
 7.42486914e+01 6.98245712e+01
 7.17964621e+01 7.84535622e+01
 7.53956115e+01 8.57599367e+01
 3.52861128e+01 4.70205139e+01
 5.62538175e+01 3.92614725e+01
 3.00588224e+01 4.95929739e+01
 4.46682617e+01 6.64500861e+01
 6.65608945e+01 4.10920981e+01
 4.04575510e+01 9.75351855e+01
 4.90725632e+01 5.18832118e+01
 8.02795740e+01 9.21160608e+01
 6.67467186e+01 6.09913940e+01
 3.27228330e+01 4.33071731e+01
 6.40393204e+01 7.80316880e+01
 7.23464942e+01 9.62275930e+01
 6.04578857e+01 7.30949981e+01
 5.88409562e+01 7.58584483e+01
 9.98278578e+01 7.23692519e+01
 4.72642691e+01 8.84758650e+01
 5.04581598e+01 7.58098595e+01
 6.04555563e+01 4.25084094e+01
 8.22266616e+01 4.27198785e+01
 8.89138964e+01 6.98037889e+01
 9.48345067e+01 4.56943068e+01
 6.73192575e+01 6.65893532e+01
 5.72387063e+01 5.95142820e+01
 8.03667560e+01 9.09601479e+01
 6.84685218e+01 8.55943071e+01
 4.20754545e+01 7.88447860e+01
 7.54777020e+01 9.04245390e+01
 7.86354243e+01 9.66474272e+01
 5.23480040e+01 6.07695053e+01
 9.40943311e+01 7.71591051e+01
 9.04485510e+01 8.75087918e+01
 5.54821611e+01 3.55707035e+01
 7.44926924e+01 8.48451368e+01
 8.98458067e+01 4.53582836e+01
 8.34891627e+01 4.83802858e+01
 4.22617008e+01 8.71038509e+01
 9.93150088e+01 6.87754095e+01
 5.53400176e+01 6.49319380e+01
 7.47758930e+01 8.95298129e+01
  3.46236596e+01 7.80246928e+01
 3.02867108e+01 4.38949975e+01
 3.58474088e+01 7.29021980e+01
 6.01825994e+01 8.63085521e+01
 7.90327361e+01 7.53443764e+01
 4.50832775e+01 5.63163718e+01
 6.11066645e+01 9.65114259e+01
 7.50247456e+01 4.65540135e+01
 7.60987867e+01 8.74205697e+01
 8.44328200e+01 4.35333933e+01
 9.58615551e+01 3.82252781e+01
 7.50136584e+01 3.06032632e+01
 8.23070534e+01 7.64819633e+01
 6.93645888e+01 9.77186920e+01
 3.95383391e+01 7.60368109e+01
 5.39710521e+01 8.92073501e+01
 6.90701441e+01 5.27404697e+01
 6.79468555e+01 4.66785741e+01
 7.06615096e+01 9.29271379e+01
 7.69787837e+01 4.75759636e+01
 6.73720275e+01 4.28384383e+01
 8.96767758e+01 6.57993659e+01
 5.05347883e+01 4.88558115e+01
 3.42120610e+01 4.42095286e+01
 7.79240915e+01 6.89723600e+01
 6.22710137e+01 6.99544580e+01
 8.01901808e+01 4.48216289e+01
 9.31143888e+01 3.88006703e+01
 6.18302060e+01 5.02561079e+01
 3.87858038e+01 6.49956810e+01
 6.13792894e+01 7.28078873e+01
 8.54045194e+01 5.70519840e+01
 5.21079797e+01 6.31276238e+01
 5.20454048e+01 6.94328601e+01
 4.02368937e+01 7.11677480e+01
 5.46351056e+01 5.22138859e+01
 3.39155001e+01 9.88694357e+01
 6.41769889e+01 8.09080606e+01
 7.47892530e+01 4.15734152e+01
 3.41836400e+01 7.52377203e+01
 8.39023937e+01 5.63080462e+01
 5.15477203e+01 4.68562903e+01
 9.44433678e+01 6.55689216e+01
 8.23687538e+01 4.06182552e+01
 5.10477518e+01 4.58227015e+01
 6.22226758e+01 5.20609919e+01
 7.71930349e+01 7.04582000e+01
 9.77715993e+01 8.67278223e+01
 6.20730638e+01 9.67688241e+01
 9.15649745e+01 8.86962925e+01
 7.99448179e+01 7.41631194e+01
 9.92725269e+01 6.09990310e+01
 9.05467141e+01 4.33906018e+01
 3.45245139e+01 6.03963425e+01
 5.02864961e+01 4.98045388e+01
 4.95866772e+01 5.98089510e+01
 9.76456340e+01 6.88615727e+01
 3.25772002e+01 9.55985476e+01
 7.42486914e+01 6.98245712e+01
 7.17964621e+01 7.84535622e+01
 7.53956115e+01 8.57599367e+01
 3.52861128e+01 4.70205139e+01
 5.62538175e+01 3.92614725e+01
 3.00588224e+01 4.95929739e+01
 4.46682617e+01 6.64500861e+01
 6.65608945e+01 4.10920981e+01
 4.04575510e+01 9.75351855e+01
 4.90725632e+01 5.18832118e+01
 8.02795740e+01 9.21160608e+01
 6.67467186e+01 6.09913940e+01
 3.27228330e+01 4.33071731e+01
 6.40393204e+01 7.80316880e+01
 7.23464942e+01 9.62275930e+01
 6.04578857e+01 7.30949981e+01
 5.88409562e+01 7.58584483e+01
 9.98278578e+01 7.23692519e+01
 4.72642691e+01 8.84758650e+01
 5.04581598e+01 7.58098595e+01
 6.04555563e+01 4.25084094e+01
 8.22266616e+01 4.27198785e+01
 8.89138964e+01 6.98037889e+01
 9.48345067e+01 4.56943068e+01
 6.73192575e+01 6.65893532e+01
 5.72387063e+01 5.95142820e+01
 8.03667560e+01 9.09601479e+01
 6.84685218e+01 8.55943071e+01
 4.20754545e+01 7.88447860e+01
 7.54777020e+01 9.04245390e+01
 7.86354243e+01 9.66474272e+01
 5.23480040e+01 6.07695053e+01
 9.40943311e+01 7.71591051e+01
 9.04485510e+01 8.75087918e+01
 5.54821611e+01 3.55707035e+01
 7.44926924e+01 8.48451368e+01
 8.98458067e+01 4.53582836e+01
 8.34891627e+01 4.83802858e+01
 4.22617008e+01 8.71038509e+01
 9.93150088e+01 6.87754095e+01
 5.53400176e+01 6.49319380e+01
 7.47758930e+01 8.95298129e+01
  3.46236596e+01 7.80246928e+01
 3.02867108e+01 4.38949975e+01
 3.58474088e+01 7.29021980e+01
 6.01825994e+01 8.63085521e+01
 7.90327361e+01 7.53443764e+01
 4.50832775e+01 5.63163718e+01
 6.11066645e+01 9.65114259e+01
 7.50247456e+01 4.65540135e+01
 7.60987867e+01 8.74205697e+01
 8.44328200e+01 4.35333933e+01
 9.58615551e+01 3.82252781e+01
 7.50136584e+01 3.06032632e+01
 8.23070534e+01 7.64819633e+01
 6.93645888e+01 9.77186920e+01
 3.95383391e+01 7.60368109e+01
 5.39710521e+01 8.92073501e+01
 6.90701441e+01 5.27404697e+01
 6.79468555e+01 4.66785741e+01
 7.06615096e+01 9.29271379e+01
 7.69787837e+01 4.75759636e+01
 6.73720275e+01 4.28384383e+01
 8.96767758e+01 6.57993659e+01
 5.05347883e+01 4.88558115e+01
 3.42120610e+01 4.42095286e+01
 7.79240915e+01 6.89723600e+01
 6.22710137e+01 6.99544580e+01
 8.01901808e+01 4.48216289e+01
 9.31143888e+01 3.88006703e+01
 6.18302060e+01 5.02561079e+01
 3.87858038e+01 6.49956810e+01
 6.13792894e+01 7.28078873e+01
 8.54045194e+01 5.70519840e+01
 5.21079797e+01 6.31276238e+01
 5.20454048e+01 6.94328601e+01
 4.02368937e+01 7.11677480e+01
 5.46351056e+01 5.22138859e+01
 3.39155001e+01 9.88694357e+01
 6.41769889e+01 8.09080606e+01
 7.47892530e+01 4.15734152e+01
 3.41836400e+01 7.52377203e+01
 8.39023937e+01 5.63080462e+01
 5.15477203e+01 4.68562903e+01
 9.44433678e+01 6.55689216e+01
 8.23687538e+01 4.06182552e+01
 5.10477518e+01 4.58227015e+01
 6.22226758e+01 5.20609919e+01
 7.71930349e+01 7.04582000e+01
 9.77715993e+01 8.67278223e+01
 6.20730638e+01 9.67688241e+01
 9.15649745e+01 8.86962925e+01
 7.99448179e+01 7.41631194e+01
 9.92725269e+01 6.09990310e+01
 9.05467141e+01 4.33906018e+01
 3.45245139e+01 6.03963425e+01
 5.02864961e+01 4.98045388e+01
 4.95866772e+01 5.98089510e+01
 9.76456340e+01 6.88615727e+01
 3.25772002e+01 9.55985476e+01
 7.42486914e+01 6.98245712e+01
 7.17964621e+01 7.84535622e+01
 7.53956115e+01 8.57599367e+01
 3.52861128e+01 4.70205139e+01
 5.62538175e+01 3.92614725e+01
 3.00588224e+01 4.95929739e+01
 4.46682617e+01 6.64500861e+01
 6.65608945e+01 4.10920981e+01
 4.04575510e+01 9.75351855e+01
 4.90725632e+01 5.18832118e+01
 8.02795740e+01 9.21160608e+01
 6.67467186e+01 6.09913940e+01
 3.27228330e+01 4.33071731e+01
 6.40393204e+01 7.80316880e+01
 7.23464942e+01 9.62275930e+01
 6.04578857e+01 7.30949981e+01
 5.88409562e+01 7.58584483e+01
 9.98278578e+01 7.23692519e+01
 4.72642691e+01 8.84758650e+01
 5.04581598e+01 7.58098595e+01
 6.04555563e+01 4.25084094e+01
 8.22266616e+01 4.27198785e+01
 8.89138964e+01 6.98037889e+01
 9.48345067e+01 4.56943068e+01
 6.73192575e+01 6.65893532e+01
 5.72387063e+01 5.95142820e+01
 8.03667560e+01 9.09601479e+01
 6.84685218e+01 8.55943071e+01
 4.20754545e+01 7.88447860e+01
 7.54777020e+01 9.04245390e+01
 7.86354243e+01 9.66474272e+01
 5.23480040e+01 6.07695053e+01
 9.40943311e+01 7.71591051e+01
 9.04485510e+01 8.75087918e+01
 5.54821611e+01 3.55707035e+01
 7.44926924e+01 8.48451368e+01
 8.98458067e+01 4.53582836e+01
 8.34891627e+01 4.83802858e+01
 4.22617008e+01 8.71038509e+01
 9.93150088e+01 6.87754095e+01
 5.53400176e+01 6.49319380e+01
 7.47758930e+01 8.95298129e+01
  3.46236596e+01 7.80246928e+01
 3.02867108e+01 4.38949975e+01
 3.58474088e+01 7.29021980e+01
 6.01825994e+01 8.63085521e+01
 7.90327361e+01 7.53443764e+01
 4.50832775e+01 5.63163718e+01
 6.11066645e+01 9.65114259e+01
 7.50247456e+01 4.65540135e+01
 7.60987867e+01 8.74205697e+01
 8.44328200e+01 4.35333933e+01
 9.58615551e+01 3.82252781e+01
 7.50136584e+01 3.06032632e+01
 8.23070534e+01 7.64819633e+01
 6.93645888e+01 9.77186920e+01
 3.95383391e+01 7.60368109e+01
 5.39710521e+01 8.92073501e+01
 6.90701441e+01 5.27404697e+01
 6.79468555e+01 4.66785741e+01
 7.06615096e+01 9.29271379e+01
 7.69787837e+01 4.75759636e+01
 6.73720275e+01 4.28384383e+01
 8.96767758e+01 6.57993659e+01
 5.05347883e+01 4.88558115e+01
 3.42120610e+01 4.42095286e+01
 7.79240915e+01 6.89723600e+01
 6.22710137e+01 6.99544580e+01
 8.01901808e+01 4.48216289e+01
 9.31143888e+01 3.88006703e+01
 6.18302060e+01 5.02561079e+01
 3.87858038e+01 6.49956810e+01
 6.13792894e+01 7.28078873e+01
 8.54045194e+01 5.70519840e+01
 5.21079797e+01 6.31276238e+01
 5.20454048e+01 6.94328601e+01
 4.02368937e+01 7.11677480e+01
 5.46351056e+01 5.22138859e+01
 3.39155001e+01 9.88694357e+01
 6.41769889e+01 8.09080606e+01
 7.47892530e+01 4.15734152e+01
 3.41836400e+01 7.52377203e+01
 8.39023937e+01 5.63080462e+01
 5.15477203e+01 4.68562903e+01
 9.44433678e+01 6.55689216e+01
 8.23687538e+01 4.06182552e+01
 5.10477518e+01 4.58227015e+01
 6.22226758e+01 5.20609919e+01
 7.71930349e+01 7.04582000e+01
 9.77715993e+01 8.67278223e+01
 6.20730638e+01 9.67688241e+01
 9.15649745e+01 8.86962925e+01
 7.99448179e+01 7.41631194e+01
 9.92725269e+01 6.09990310e+01
 9.05467141e+01 4.33906018e+01
 3.45245139e+01 6.03963425e+01
 5.02864961e+01 4.98045388e+01
 4.95866772e+01 5.98089510e+01
 9.76456340e+01 6.88615727e+01
 3.25772002e+01 9.55985476e+01
 7.42486914e+01 6.98245712e+01
 7.17964621e+01 7.84535622e+01
 7.53956115e+01 8.57599367e+01
 3.52861128e+01 4.70205139e+01
 5.62538175e+01 3.92614725e+01
 3.00588224e+01 4.95929739e+01
 4.46682617e+01 6.64500861e+01
 6.65608945e+01 4.10920981e+01
 4.04575510e+01 9.75351855e+01
 4.90725632e+01 5.18832118e+01
 8.02795740e+01 9.21160608e+01
 6.67467186e+01 6.09913940e+01
 3.27228330e+01 4.33071731e+01
 6.40393204e+01 7.80316880e+01
 7.23464942e+01 9.62275930e+01
 6.04578857e+01 7.30949981e+01
 5.88409562e+01 7.58584483e+01
 9.98278578e+01 7.23692519e+01
 4.72642691e+01 8.84758650e+01
 5.04581598e+01 7.58098595e+01
 6.04555563e+01 4.25084094e+01
 8.22266616e+01 4.27198785e+01
 8.89138964e+01 6.98037889e+01
 9.48345067e+01 4.56943068e+01
 6.73192575e+01 6.65893532e+01
 5.72387063e+01 5.95142820e+01
 8.03667560e+01 9.09601479e+01
 6.84685218e+01 8.55943071e+01
 4.20754545e+01 7.88447860e+01
 7.54777020e+01 9.04245390e+01
 7.86354243e+01 9.66474272e+01
 5.23480040e+01 6.07695053e+01
 9.40943311e+01 7.71591051e+01
 9.04485510e+01 8.75087918e+01
 5.54821611e+01 3.55707035e+01
 7.44926924e+01 8.48451368e+01
 8.98458067e+01 4.53582836e+01
 8.34891627e+01 4.83802858e+01
 4.22617008e+01 8.71038509e+01
 9.93150088e+01 6.87754095e+01
 5.53400176e+01 6.49319380e+01
 7.47758930e+01 8.95298129e+01
  3.46236596e+01 7.80246928e+01
 3.02867108e+01 4.38949975e+01
 3.58474088e+01 7.29021980e+01
 6.01825994e+01 8.63085521e+01
 7.90327361e+01 7.53443764e+01
 4.50832775e+01 5.63163718e+01
 6.11066645e+01 9.65114259e+01
 7.50247456e+01 4.65540135e+01
 7.60987867e+01 8.74205697e+01
 8.44328200e+01 4.35333933e+01
 9.58615551e+01 3.82252781e+01
 7.50136584e+01 3.06032632e+01
 8.23070534e+01 7.64819633e+01
 6.93645888e+01 9.77186920e+01
 3.95383391e+01 7.60368109e+01
 5.39710521e+01 8.92073501e+01
 6.90701441e+01 5.27404697e+01
 6.79468555e+01 4.66785741e+01
 7.06615096e+01 9.29271379e+01
 7.69787837e+01 4.75759636e+01
 6.73720275e+01 4.28384383e+01
 8.96767758e+01 6.57993659e+01
 5.05347883e+01 4.88558115e+01
 3.42120610e+01 4.42095286e+01
 7.79240915e+01 6.89723600e+01
 6.22710137e+01 6.99544580e+01
 8.01901808e+01 4.48216289e+01
 9.31143888e+01 3.88006703e+01
 6.18302060e+01 5.02561079e+01
 3.87858038e+01 6.49956810e+01
 6.13792894e+01 7.28078873e+01
 8.54045194e+01 5.70519840e+01
 5.21079797e+01 6.31276238e+01
 5.20454048e+01 6.94328601e+01
 4.02368937e+01 7.11677480e+01
 5.46351056e+01 5.22138859e+01
 3.39155001e+01 9.88694357e+01
 6.41769889e+01 8.09080606e+01
 7.47892530e+01 4.15734152e+01
 3.41836400e+01 7.52377203e+01
 8.39023937e+01 5.63080462e+01
 5.15477203e+01 4.68562903e+01
 9.44433678e+01 6.55689216e+01
 8.23687538e+01 4.06182552e+01
 5.10477518e+01 4.58227015e+01
 6.22226758e+01 5.20609919e+01
 7.71930349e+01 7.04582000e+01
 9.77715993e+01 8.67278223e+01
 6.20730638e+01 9.67688241e+01
 9.15649745e+01 8.86962925e+01
 7.99448179e+01 7.41631194e+01
 9.92725269e+01 6.09990310e+01
 9.05467141e+01 4.33906018e+01
 3.45245139e+01 6.03963425e+01
 5.02864961e+01 4.98045388e+01
 4.95866772e+01 5.98089510e+01
 9.76456340e+01 6.88615727e+01
 3.25772002e+01 9.55985476e+01
 7.42486914e+01 6.98245712e+01
 7.17964621e+01 7.84535622e+01
 7.53956115e+01 8.57599367e+01
 3.52861128e+01 4.70205139e+01
 5.62538175e+01 3.92614725e+01
 3.00588224e+01 4.95929739e+01
 4.46682617e+01 6.64500861e+01
 6.65608945e+01 4.10920981e+01
 4.04575510e+01 9.75351855e+01
 4.90725632e+01 5.18832118e+01
 8.02795740e+01 9.21160608e+01
 6.67467186e+01 6.09913940e+01
 3.27228330e+01 4.33071731e+01
 6.40393204e+01 7.80316880e+01
 7.23464942e+01 9.62275930e+01
 6.04578857e+01 7.30949981e+01
 5.88409562e+01 7.58584483e+01
 9.98278578e+01 7.23692519e+01
 4.72642691e+01 8.84758650e+01
 5.04581598e+01 7.58098595e+01
 6.04555563e+01 4.25084094e+01
 8.22266616e+01 4.27198785e+01
 8.89138964e+01 6.98037889e+01
 9.48345067e+01 4.56943068e+01
 6.73192575e+01 6.65893532e+01
 5.72387063e+01 5.95142820e+01
 8.03667560e+01 9.09601479e+01
 6.84685218e+01 8.55943071e+01
 4.20754545e+01 7.88447860e+01
 7.54777020e+01 9.04245390e+01
 7.86354243e+01 9.66474272e+01
 5.23480040e+01 6.07695053e+01
 9.40943311e+01 7.71591051e+01
 9.04485510e+01 8.75087918e+01
 5.54821611e+01 3.55707035e+01
 7.44926924e+01 8.48451368e+01
 8.98458067e+01 4.53582836e+01
 8.34891627e+01 4.83802858e+01
 4.22617008e+01 8.71038509e+01
 9.93150088e+01 6.87754095e+01
 5.53400176e+01 6.49319380e+01
 7.47758930e+01 8.95298129e+01
  3.46236596e+01 7.80246928e+01
 3.02867108e+01 4.38949975e+01
 3.58474088e+01 7.29021980e+01
 6.01825994e+01 8.63085521e+01
 7.90327361e+01 7.53443764e+01
 4.50832775e+01 5.63163718e+01
 6.11066645e+01 9.65114259e+01
 7.50247456e+01 4.65540135e+01
 7.60987867e+01 8.74205697e+01
 8.44328200e+01 4.35333933e+01
 9.58615551e+01 3.82252781e+01
 7.50136584e+01 3.06032632e+01
 8.23070534e+01 7.64819633e+01
 6.93645888e+01 9.77186920e+01
 3.95383391e+01 7.60368109e+01
 5.39710521e+01 8.92073501e+01
 6.90701441e+01 5.27404697e+01
 6.79468555e+01 4.66785741e+01
 7.06615096e+01 9.29271379e+01
 7.69787837e+01 4.75759636e+01
 6.73720275e+01 4.28384383e+01
 8.96767758e+01 6.57993659e+01
 5.05347883e+01 4.88558115e+01
 3.42120610e+01 4.42095286e+01
 7.79240915e+01 6.89723600e+01
 6.22710137e+01 6.99544580e+01
 8.01901808e+01 4.48216289e+01
 9.31143888e+01 3.88006703e+01
 6.18302060e+01 5.02561079e+01
 3.87858038e+01 6.49956810e+01
 6.13792894e+01 7.28078873e+01
 8.54045194e+01 5.70519840e+01
 5.21079797e+01 6.31276238e+01
 5.20454048e+01 6.94328601e+01
 4.02368937e+01 7.11677480e+01
 5.46351056e+01 5.22138859e+01
 3.39155001e+01 9.88694357e+01
 6.41769889e+01 8.09080606e+01
 7.47892530e+01 4.15734152e+01
 3.41836400e+01 7.52377203e+01
 8.39023937e+01 5.63080462e+01
 5.15477203e+01 4.68562903e+01
 9.44433678e+01 6.55689216e+01
 8.23687538e+01 4.06182552e+01
 5.10477518e+01 4.58227015e+01
 6.22226758e+01 5.20609919e+01
 7.71930349e+01 7.04582000e+01
 9.77715993e+01 8.67278223e+01
 6.20730638e+01 9.67688241e+01
 9.15649745e+01 8.86962925e+01
 7.99448179e+01 7.41631194e+01
 9.92725269e+01 6.09990310e+01
 9.05467141e+01 4.33906018e+01
 3.45245139e+01 6.03963425e+01
 5.02864961e+01 4.98045388e+01
 4.95866772e+01 5.98089510e+01
 9.76456340e+01 6.88615727e+01
 3.25772002e+01 9.55985476e+01
 7.42486914e+01 6.98245712e+01
 7.17964621e+01 7.84535622e+01
 7.53956115e+01 8.57599367e+01
 3.52861128e+01 4.70205139e+01
 5.62538175e+01 3.92614725e+01
 3.00588224e+01 4.95929739e+01
 4.46682617e+01 6.64500861e+01
 6.65608945e+01 4.10920981e+01
 4.04575510e+01 9.75351855e+01
 4.90725632e+01 5.18832118e+01
 8.02795740e+01 9.21160608e+01
 6.67467186e+01 6.09913940e+01
 3.27228330e+01 4.33071731e+01
 6.40393204e+01 7.80316880e+01
 7.23464942e+01 9.62275930e+01
 6.04578857e+01 7.30949981e+01
 5.88409562e+01 7.58584483e+01
 9.98278578e+01 7.23692519e+01
 4.72642691e+01 8.84758650e+01
 5.04581598e+01 7.58098595e+01
 6.04555563e+01 4.25084094e+01
 8.22266616e+01 4.27198785e+01
 8.89138964e+01 6.98037889e+01
 9.48345067e+01 4.56943068e+01
 6.73192575e+01 6.65893532e+01
 5.72387063e+01 5.95142820e+01
 8.03667560e+01 9.09601479e+01
 6.84685218e+01 8.55943071e+01
 4.20754545e+01 7.88447860e+01
 7.54777020e+01 9.04245390e+01
 7.86354243e+01 9.66474272e+01
 5.23480040e+01 6.07695053e+01
 9.40943311e+01 7.71591051e+01
 9.04485510e+01 8.75087918e+01
 5.54821611e+01 3.55707035e+01
 7.44926924e+01 8.48451368e+01
 8.98458067e+01 4.53582836e+01
 8.34891627e+01 4.83802858e+01
 4.22617008e+01 8.71038509e+01
 9.93150088e+01 6.87754095e+01
 5.53400176e+01 6.49319380e+01
 7.47758930e+01 8.95298129e+01
  3.46236596e+01 7.80246928e+01
 3.02867108e+01 4.38949975e+01
 3.58474088e+01 7.29021980e+01
 6.01825994e+01 8.63085521e+01
 7.90327361e+01 7.53443764e+01
 4.50832775e+01 5.63163718e+01
 6.11066645e+01 9.65114259e+01
 7.50247456e+01 4.65540135e+01
 7.60987867e+01 8.74205697e+01
 8.44328200e+01 4.35333933e+01
 9.58615551e+01 3.82252781e+01
 7.50136584e+01 3.06032632e+01
 8.23070534e+01 7.64819633e+01
 6.93645888e+01 9.77186920e+01
 3.95383391e+01 7.60368109e+01
 5.39710521e+01 8.92073501e+01
 6.90701441e+01 5.27404697e+01
 6.79468555e+01 4.66785741e+01
 7.06615096e+01 9.29271379e+01
 7.69787837e+01 4.75759636e+01
 6.73720275e+01 4.28384383e+01
 8.96767758e+01 6.57993659e+01
 5.05347883e+01 4.88558115e+01
 3.42120610e+01 4.42095286e+01
 7.79240915e+01 6.89723600e+01
 6.22710137e+01 6.99544580e+01
 8.01901808e+01 4.48216289e+01
 9.31143888e+01 3.88006703e+01
 6.18302060e+01 5.02561079e+01
 3.87858038e+01 6.49956810e+01
 6.13792894e+01 7.28078873e+01
 8.54045194e+01 5.70519840e+01
 5.21079797e+01 6.31276238e+01
 5.20454048e+01 6.94328601e+01
 4.02368937e+01 7.11677480e+01
 5.46351056e+01 5.22138859e+01
 3.39155001e+01 9.88694357e+01
 6.41769889e+01 8.09080606e+01
 7.47892530e+01 4.15734152e+01
 3.41836400e+01 7.52377203e+01
 8.39023937e+01 5.63080462e+01
 5.15477203e+01 4.68562903e+01
 9.44433678e+01 6.55689216e+01
 8.23687538e+01 4.06182552e+01
 5.10477518e+01 4.58227015e+01
 6.22226758e+01 5.20609919e+01
 7.71930349e+01 7.04582000e+01
 9.77715993e+01 8.67278223e+01
 6.20730638e+01 9.67688241e+01
 9.15649745e+01 8.86962925e+01
 7.99448179e+01 7.41631194e+01
 9.92725269e+01 6.09990310e+01
 9.05467141e+01 4.33906018e+01
 3.45245139e+01 6.03963425e+01
 5.02864961e+01 4.98045388e+01
 4.95866772e+01 5.98089510e+01
 9.76456340e+01 6.88615727e+01
 3.25772002e+01 9.55985476e+01
 7.42486914e+01 6.98245712e+01
 7.17964621e+01 7.84535622e+01
 7.53956115e+01 8.57599367e+01
 3.52861128e+01 4.70205139e+01
 5.62538175e+01 3.92614725e+01
 3.00588224e+01 4.95929739e+01
 4.46682617e+01 6.64500861e+01
 6.65608945e+01 4.10920981e+01
 4.04575510e+01 9.75351855e+01
 4.90725632e+01 5.18832118e+01
 8.02795740e+01 9.21160608e+01
 6.67467186e+01 6.09913940e+01
 3.27228330e+01 4.33071731e+01
 6.40393204e+01 7.80316880e+01
 7.23464942e+01 9.62275930e+01
 6.04578857e+01 7.30949981e+01
 5.88409562e+01 7.58584483e+01
 9.98278578e+01 7.23692519e+01
 4.72642691e+01 8.84758650e+01
 5.04581598e+01 7.58098595e+01
 6.04555563e+01 4.25084094e+01
 8.22266616e+01 4.27198785e+01
 8.89138964e+01 6.98037889e+01
 9.48345067e+01 4.56943068e+01
 6.73192575e+01 6.65893532e+01
 5.72387063e+01 5.95142820e+01
 8.03667560e+01 9.09601479e+01
 6.84685218e+01 8.55943071e+01
 4.20754545e+01 7.88447860e+01
 7.54777020e+01 9.04245390e+01
 7.86354243e+01 9.66474272e+01
 5.23480040e+01 6.07695053e+01
 9.40943311e+01 7.71591051e+01
 9.04485510e+01 8.75087918e+01
 5.54821611e+01 3.55707035e+01
 7.44926924e+01 8.48451368e+01
 8.98458067e+01 4.53582836e+01
 8.34891627e+01 4.83802858e+01
 4.22617008e+01 8.71038509e+01
 9.93150088e+01 6.87754095e+01
 5.53400176e+01 6.49319380e+01
 7.47758930e+01 8.95298129e+01
  3.46236596e+01 7.80246928e+01
 3.02867108e+01 4.38949975e+01
 3.58474088e+01 7.29021980e+01
 6.01825994e+01 8.63085521e+01
 7.90327361e+01 7.53443764e+01
 4.50832775e+01 5.63163718e+01
 6.11066645e+01 9.65114259e+01
 7.50247456e+01 4.65540135e+01
 7.60987867e+01 8.74205697e+01
 8.44328200e+01 4.35333933e+01
 9.58615551e+01 3.82252781e+01
 7.50136584e+01 3.06032632e+01
 8.23070534e+01 7.64819633e+01
 6.93645888e+01 9.77186920e+01
 3.95383391e+01 7.60368109e+01
 5.39710521e+01 8.92073501e+01
 6.90701441e+01 5.27404697e+01
 6.79468555e+01 4.66785741e+01
 7.06615096e+01 9.29271379e+01
 7.69787837e+01 4.75759636e+01
 6.73720275e+01 4.28384383e+01
 8.96767758e+01 6.57993659e+01
 5.05347883e+01 4.88558115e+01
 3.42120610e+01 4.42095286e+01
 7.79240915e+01 6.89723600e+01
 6.22710137e+01 6.99544580e+01
 8.01901808e+01 4.48216289e+01
 9.31143888e+01 3.88006703e+01
 6.18302060e+01 5.02561079e+01
 3.87858038e+01 6.49956810e+01
 6.13792894e+01 7.28078873e+01
 8.54045194e+01 5.70519840e+01
 5.21079797e+01 6.31276238e+01
 5.20454048e+01 6.94328601e+01
 4.02368937e+01 7.11677480e+01
 5.46351056e+01 5.22138859e+01
 3.39155001e+01 9.88694357e+01
 6.41769889e+01 8.09080606e+01
 7.47892530e+01 4.15734152e+01
 3.41836400e+01 7.52377203e+01
 8.39023937e+01 5.63080462e+01
 5.15477203e+01 4.68562903e+01
 9.44433678e+01 6.55689216e+01
 8.23687538e+01 4.06182552e+01
 5.10477518e+01 4.58227015e+01
 6.22226758e+01 5.20609919e+01
 7.71930349e+01 7.04582000e+01
 9.77715993e+01 8.67278223e+01
 6.20730638e+01 9.67688241e+01
 9.15649745e+01 8.86962925e+01
 7.99448179e+01 7.41631194e+01
 9.92725269e+01 6.09990310e+01
 9.05467141e+01 4.33906018e+01
 3.45245139e+01 6.03963425e+01
 5.02864961e+01 4.98045388e+01
 4.95866772e+01 5.98089510e+01
 9.76456340e+01 6.88615727e+01
 3.25772002e+01 9.55985476e+01
 7.42486914e+01 6.98245712e+01
 7.17964621e+01 7.84535622e+01
 7.53956115e+01 8.57599367e+01
 3.52861128e+01 4.70205139e+01
 5.62538175e+01 3.92614725e+01
 3.00588224e+01 4.95929739e+01
 4.46682617e+01 6.64500861e+01
 6.65608945e+01 4.10920981e+01
 4.04575510e+01 9.75351855e+01
 4.90725632e+01 5.18832118e+01
 8.02795740e+01 9.21160608e+01
 6.67467186e+01 6.09913940e+01
 3.27228330e+01 4.33071731e+01
 6.40393204e+01 7.80316880e+01
 7.23464942e+01 9.62275930e+01
 6.04578857e+01 7.30949981e+01
 5.88409562e+01 7.58584483e+01
 9.98278578e+01 7.23692519e+01
 4.72642691e+01 8.84758650e+01
 5.04581598e+01 7.58098595e+01
 6.04555563e+01 4.25084094e+01
 8.22266616e+01 4.27198785e+01
 8.89138964e+01 6.98037889e+01
 9.48345067e+01 4.56943068e+01
 6.73192575e+01 6.65893532e+01
 5.72387063e+01 5.95142820e+01
 8.03667560e+01 9.09601479e+01
 6.84685218e+01 8.55943071e+01
 4.20754545e+01 7.88447860e+01
 7.54777020e+01 9.04245390e+01
 7.86354243e+01 9.66474272e+01
 5.23480040e+01 6.07695053e+01
 9.40943311e+01 7.71591051e+01
 9.04485510e+01 8.75087918e+01
 5.54821611e+01 3.55707035e+01
 7.44926924e+01 8.48451368e+01
 8.98458067e+01 4.53582836e+01
 8.34891627e+01 4.83802858e+01
 4.22617008e+01 8.71038509e+01
 9.93150088e+01 6.87754095e+01
 5.53400176e+01 6.49319380e+01
 7.47758930e+01 8.95298129e+01
  3.46236596e+01 7.80246928e+01
 3.02867108e+01 4.38949975e+01
 3.58474088e+01 7.29021980e+01
 6.01825994e+01 8.63085521e+01
 7.90327361e+01 7.53443764e+01
 4.50832775e+01 5.63163718e+01
 6.11066645e+01 9.65114259e+01
 7.50247456e+01 4.65540135e+01
 7.60987867e+01 8.74205697e+01
 8.44328200e+01 4.35333933e+01
 9.58615551e+01 3.82252781e+01
 7.50136584e+01 3.06032632e+01
 8.23070534e+01 7.64819633e+01
 6.93645888e+01 9.77186920e+01
 3.95383391e+01 7.60368109e+01
 5.39710521e+01 8.92073501e+01
 6.90701441e+01 5.27404697e+01
 6.79468555e+01 4.66785741e+01
 7.06615096e+01 9.29271379e+01
 7.69787837e+01 4.75759636e+01
 6.73720275e+01 4.28384383e+01
 8.96767758e+01 6.57993659e+01
 5.05347883e+01 4.88558115e+01
 3.42120610e+01 4.42095286e+01
 7.79240915e+01 6.89723600e+01
 6.22710137e+01 6.99544580e+01
 8.01901808e+01 4.48216289e+01
 9.31143888e+01 3.88006703e+01
 6.18302060e+01 5.02561079e+01
 3.87858038e+01 6.49956810e+01
 6.13792894e+01 7.28078873e+01
 8.54045194e+01 5.70519840e+01
 5.21079797e+01 6.31276238e+01
 5.20454048e+01 6.94328601e+01
 4.02368937e+01 7.11677480e+01
 5.46351056e+01 5.22138859e+01
 3.39155001e+01 9.88694357e+01
 6.41769889e+01 8.09080606e+01
 7.47892530e+01 4.15734152e+01
 3.41836400e+01 7.52377203e+01
 8.39023937e+01 5.63080462e+01
 5.15477203e+01 4.68562903e+01
 9.44433678e+01 6.55689216e+01
 8.23687538e+01 4.06182552e+01
 5.10477518e+01 4.58227015e+01
 6.22226758e+01 5.20609919e+01
 7.71930349e+01 7.04582000e+01
 9.77715993e+01 8.67278223e+01
 6.20730638e+01 9.67688241e+01
 9.15649745e+01 8.86962925e+01
 7.99448179e+01 7.41631194e+01
 9.92725269e+01 6.09990310e+01
 9.05467141e+01 4.33906018e+01
 3.45245139e+01 6.03963425e+01
 5.02864961e+01 4.98045388e+01
 4.95866772e+01 5.98089510e+01
 9.76456340e+01 6.88615727e+01
 3.25772002e+01 9.55985476e+01
 7.42486914e+01 6.98245712e+01
 7.17964621e+01 7.84535622e+01
 7.53956115e+01 8.57599367e+01
 3.52861128e+01 4.70205139e+01
 5.62538175e+01 3.92614725e+01
 3.00588224e+01 4.95929739e+01
 4.46682617e+01 6.64500861e+01
 6.65608945e+01 4.10920981e+01
 4.04575510e+01 9.75351855e+01
 4.90725632e+01 5.18832118e+01
 8.02795740e+01 9.21160608e+01
 6.67467186e+01 6.09913940e+01
 3.27228330e+01 4.33071731e+01
 6.40393204e+01 7.80316880e+01
 7.23464942e+01 9.62275930e+01
 6.04578857e+01 7.30949981e+01
 5.88409562e+01 7.58584483e+01
 9.98278578e+01 7.23692519e+01
 4.72642691e+01 8.84758650e+01
 5.04581598e+01 7.58098595e+01
 6.04555563e+01 4.25084094e+01
 8.22266616e+01 4.27198785e+01
 8.89138964e+01 6.98037889e+01
 9.48345067e+01 4.56943068e+01
 6.73192575e+01 6.65893532e+01
 5.72387063e+01 5.95142820e+01
 8.03667560e+01 9.09601479e+01
 6.84685218e+01 8.55943071e+01
 4.20754545e+01 7.88447860e+01
 7.54777020e+01 9.04245390e+01
 7.86354243e+01 9.66474272e+01
 5.23480040e+01 6.07695053e+01
 9.40943311e+01 7.71591051e+01
 9.04485510e+01 8.75087918e+01
 5.54821611e+01 3.55707035e+01
 7.44926924e+01 8.48451368e+01
 8.98458067e+01 4.53582836e+01
 8.34891627e+01 4.83802858e+01
 4.22617008e+01 8.71038509e+01
 9.93150088e+01 6.87754095e+01
 5.53400176e+01 6.49319380e+01
 7.47758930e+01 8.95298129e+01
  3.46236596e+01 7.80246928e+01
 3.02867108e+01 4.38949975e+01
 3.58474088e+01 7.29021980e+01
 6.01825994e+01 8.63085521e+01
 7.90327361e+01 7.53443764e+01
 4.50832775e+01 5.63163718e+01
 6.11066645e+01 9.65114259e+01
 7.50247456e+01 4.65540135e+01
 7.60987867e+01 8.74205697e+01
 8.44328200e+01 4.35333933e+01
 9.58615551e+01 3.82252781e+01
 7.50136584e+01 3.06032632e+01
 8.23070534e+01 7.64819633e+01
 6.93645888e+01 9.77186920e+01
 3.95383391e+01 7.60368109e+01
 5.39710521e+01 8.92073501e+01
 6.90701441e+01 5.27404697e+01
 6.79468555e+01 4.66785741e+01
 7.06615096e+01 9.29271379e+01
 7.69787837e+01 4.75759636e+01
 6.73720275e+01 4.28384383e+01
 8.96767758e+01 6.57993659e+01
 5.05347883e+01 4.88558115e+01
 3.42120610e+01 4.42095286e+01
 7.79240915e+01 6.89723600e+01
 6.22710137e+01 6.99544580e+01
 8.01901808e+01 4.48216289e+01
 9.31143888e+01 3.88006703e+01
 6.18302060e+01 5.02561079e+01
 3.87858038e+01 6.49956810e+01
 6.13792894e+01 7.28078873e+01
 8.54045194e+01 5.70519840e+01
 5.21079797e+01 6.31276238e+01
 5.20454048e+01 6.94328601e+01
 4.02368937e+01 7.11677480e+01
 5.46351056e+01 5.22138859e+01
 3.39155001e+01 9.88694357e+01
 6.41769889e+01 8.09080606e+01
 7.47892530e+01 4.15734152e+01
 3.41836400e+01 7.52377203e+01
 8.39023937e+01 5.63080462e+01
 5.15477203e+01 4.68562903e+01
 9.44433678e+01 6.55689216e+01
 8.23687538e+01 4.06182552e+01
 5.10477518e+01 4.58227015e+01
 6.22226758e+01 5.20609919e+01
 7.71930349e+01 7.04582000e+01
 9.77715993e+01 8.67278223e+01
 6.20730638e+01 9.67688241e+01
 9.15649745e+01 8.86962925e+01
 7.99448179e+01 7.41631194e+01
 9.92725269e+01 6.09990310e+01
 9.05467141e+01 4.33906018e+01
 3.45245139e+01 6.03963425e+01
 5.02864961e+01 4.98045388e+01
 4.95866772e+01 5.98089510e+01
 9.76456340e+01 6.88615727e+01
 3.25772002e+01 9.55985476e+01
 7.42486914e+01 6.98245712e+01
 7.17964621e+01 7.84535622e+01
 7.53956115e+01 8.57599367e+01
 3.52861128e+01 4.70205139e+01
 5.62538175e+01 3.92614725e+01
 3.00588224e+01 4.95929739e+01
 4.46682617e+01 6.64500861e+01
 6.65608945e+01 4.10920981e+01
 4.04575510e+01 9.75351855e+01
 4.90725632e+01 5.18832118e+01
 8.02795740e+01 9.21160608e+01
 6.67467186e+01 6.09913940e+01
 3.27228330e+01 4.33071731e+01
 6.40393204e+01 7.80316880e+01
 7.23464942e+01 9.62275930e+01
 6.04578857e+01 7.30949981e+01
 5.88409562e+01 7.58584483e+01
 9.98278578e+01 7.23692519e+01
 4.72642691e+01 8.84758650e+01
 5.04581598e+01 7.58098595e+01
 6.04555563e+01 4.25084094e+01
 8.22266616e+01 4.27198785e+01
 8.89138964e+01 6.98037889e+01
 9.48345067e+01 4.56943068e+01
 6.73192575e+01 6.65893532e+01
 5.72387063e+01 5.95142820e+01
 8.03667560e+01 9.09601479e+01
 6.84685218e+01 8.55943071e+01
 4.20754545e+01 7.88447860e+01
 7.54777020e+01 9.04245390e+01
 7.86354243e+01 9.66474272e+01
 5.23480040e+01 6.07695053e+01
 9.40943311e+01 7.71591051e+01
 9.04485510e+01 8.75087918e+01
 5.54821611e+01 3.55707035e+01
 7.44926924e+01 8.48451368e+01
 8.98458067e+01 4.53582836e+01
 8.34891627e+01 4.83802858e+01
 4.22617008e+01 8.71038509e+01
 9.93150088e+01 6.87754095e+01
 5.53400176e+01 6.49319380e+01
 7.47758930e+01 8.95298129e+01